2
8
10
11
12
13
15
16
17
19
20
23
24
25
26
27
28
29
30
31
33
34
37
38
39
40
41
42
44
47
48
50
51
52
53
54
55
56
59
60
61
62
63
64
65
66
67
68
69
70
72
73
74
75
76
77
78
79
81
84
85
86
88
89
91
92
94
95
96
98
102
107
109
110
111
114
121
122
132
133
139
140
142
143
145
146
148
151
154
157
168
169
177
182
187
188
194
196
198
201
203
205
212
213
227
237
238
242
246
247
251
252
257
259
262
263
266
267
268
271
274
275
279
281
283
284
287
289
290
292
293
295
297
298
299
301
302
309
314
317
318
319
320
321
322
323